image: empty.pgm
resolution: 1.000000
origin: [-70.500000, -70.500000, 0.0]
negate: 0
occupied_thresh: 0.65
free_thresh: 0.196

